4 17 18 19 24 32 43
 4 6 11 14 15 16 17 18 19 24 26 27 32 34 36 40 47 48 50
 2 7 8 13 14 15 17 18 20 21 23 27 31 32 36 39 42 43 44 45 47 48
 1 3 4 9 11 14 20 21 33 36 39 42 43 45 48
 2 3 11 14 21 22 25 32 34 36 39 42 43 44 46 47 48 49
 1 14 20 21 32 36 42 43
 14 20 21 30 36 42 43
 3 4 14 16 17 20 21 22 31 36 40 42
 4 17 18 19 24 28 29 32 34 48 49
 2 5 7 11 13 14 19 20 21 25 26 28 30 33 36 38 39 42 47
 2 3 13 16 17 18 19 24 32 35 39 41 46 48 50
 2 5 14 17 18 21 29 32 34 35 36 39 42 43 44
 2 5 11 14 21 25 36 42
 6 9 14 15 21 23 26 28 36 39 41 42 43 47 50
 4 13 14 15 21 23 27 36 42 46
 3 4 5 9 10 11 12 14 17 18 19 23 24 27 29 32 37 39 42 47
 13 17 18 19 24 32 34
 2 9 10 14 15 17 18 21 23 32 36 40 41 42
 4 10 11 14 21 30 33 35 36 38 42 46
 6 7 12 14 18 21 23 31 35 36 39 42 43 50
